Difference between /home/tyler/Documents/repos/IslandOfMisfitToys/misfit_toys/tccs/modules/alan/out/parallel/out_filt_record_1.pt and /home/tyler/Documents/repos/IslandOfMisfitToys/misfit_toys/tccs/modules/val/out/parallel/out_filt_record_1.pt:
    dtype = torch.float32
    shape = torch.Size([10, 8, 100, 300])
    mean = 4.854749491300936e-09
    variance = 2.827473721822571e-08
    median = 0.0
    min = -0.004364613443613052
    max = 0.004007209092378616
    stddev = 0.0001681509311310947
    RMS = 0.00016815090202726424
    L2 = 0.26048359274864197
