Difference between /home/tyler/Documents/repos/IslandOfMisfitToys/misfit_toys/tccs/modules/alan/out/parallel/out_filt_record.pt and /home/tyler/Documents/repos/IslandOfMisfitToys/misfit_toys/tccs/modules/val/out/parallel/out_filt_record.pt:
    dtype = torch.float32
    shape = torch.Size([20, 8, 100, 300])
    mean = 3.4601504994569154e-10
    variance = 4.55489939099607e-08
    median = 0.0
    min = -0.00785357877612114
    max = 0.006939888000488281
    stddev = 0.00021342209947761148
    RMS = 0.00021342208492569625
    L2 = 0.46754756569862366
