Difference between /home/tyler/Documents/repos/IslandOfMisfitToys/misfit_toys/tccs/modules/alan/out/parallel/v_record.pt and /home/tyler/Documents/repos/IslandOfMisfitToys/misfit_toys/tccs/modules/val/out/parallel/v_record.pt:
    dtype = torch.float32
    shape = torch.Size([10, 600, 250])
    mean = 0.9162022471427917
    variance = 140.38836669921875
    median = 0.0
    min = -156.520263671875
    max = 138.8975830078125
    stddev = 11.848559379577637
    RMS = 11.883925437927246
    L2 = 14554.26953125
