Difference between /home/tyler/Documents/repos/IslandOfMisfitToys/misfit_toys/tccs/modules/alan/out/parallel/v_record.pt and /home/tyler/Documents/repos/IslandOfMisfitToys/misfit_toys/tccs/modules/val/out/parallel/v_record.pt:
    dtype = torch.float32
    shape = torch.Size([10, 600, 250])
    mean = -0.013230675831437111
    variance = 0.17966386675834656
    median = 0.0
    min = -13.261474609375
    max = 9.067138671875
    stddev = 0.42386776208877563
    RMS = 0.42407405376434326
    L2 = 519.3734130859375
