Difference between /home/tyler/Documents/repos/IslandOfMisfitToys/misfit_toys/tccs/modules/alan/out/parallel/v_record.pt and /home/tyler/Documents/repos/IslandOfMisfitToys/misfit_toys/tccs/modules/val/out/parallel/v_record.pt:
    dtype = torch.float32
    shape = torch.Size([10, 600, 250])
    mean = 0.012868364341557026
    variance = 0.42293110489845276
    median = 0.0
    min = -37.552978515625
    max = 12.8201904296875
    stddev = 0.6503315567970276
    RMS = 0.6504586338996887
    L2 = 796.620849609375
