Difference between /home/tyler/Documents/repos/IslandOfMisfitToys/misfit_toys/tccs/modules/alan/out/parallel/v_record.pt and /home/tyler/Documents/repos/IslandOfMisfitToys/misfit_toys/tccs/modules/val/out/parallel/v_record.pt:
    dtype = torch.float32
    shape = torch.Size([10, 600, 250])
    mean = -0.015305577777326107
    variance = 0.23370662331581116
    median = 0.0
    min = -16.16357421875
    max = 10.08203125
    stddev = 0.4834321439266205
    RMS = 0.48367419838905334
    L2 = 592.359619140625
