Difference between /home/tyler/Documents/repos/IslandOfMisfitToys/misfit_toys/tccs/modules/alan/out/parallel/v_record.pt and /home/tyler/Documents/repos/IslandOfMisfitToys/misfit_toys/tccs/modules/val/out/parallel/v_record.pt:
    dtype = torch.float32
    shape = torch.Size([10, 600, 250])
    mean = -0.018420372158288956
    variance = 0.2764928936958313
    median = 0.0
    min = -18.7783203125
    max = 15.0888671875
    stddev = 0.5258259177207947
    RMS = 0.52614825963974
    L2 = 644.3786010742188
