Difference between /home/tyler/Documents/repos/IslandOfMisfitToys/misfit_toys/tccs/modules/alan/out/parallel/loss_record_0.pt and /home/tyler/Documents/repos/IslandOfMisfitToys/misfit_toys/tccs/modules/val/out/parallel/loss_record_0.pt:
    dtype = torch.float32
    shape = torch.Size([10])
    mean = -0.03189745545387268
    variance = 0.0016167544526979327
    median = -0.0228501558303833
    min = -0.10030066967010498
    max = 0.008098721504211426
    stddev = 0.040208883583545685
    RMS = 0.0497245118021965
    L2 = 0.15724270045757294
