Difference between /home/tyler/Documents/repos/IslandOfMisfitToys/misfit_toys/tccs/modules/alan/out/parallel/out_record_1.pt and /home/tyler/Documents/repos/IslandOfMisfitToys/misfit_toys/tccs/modules/val/out/parallel/out_record_1.pt:
    dtype = torch.float32
    shape = torch.Size([10, 8, 100, 300])
    mean = 3.783696023162975e-09
    variance = 4.2917113773910387e-07
    median = 0.0
    min = -0.05073189735412598
    max = 0.03627276420593262
    stddev = 0.0006551115657202899
    RMS = 0.0006551113910973072
    L2 = 1.0148595571517944
