Difference between /home/tyler/Documents/repos/IslandOfMisfitToys/misfit_toys/tccs/modules/alan/out/parallel/v_record_0.pt and /home/tyler/Documents/repos/IslandOfMisfitToys/misfit_toys/tccs/modules/val/out/parallel/v_record_0.pt:
    dtype = torch.float32
    shape = torch.Size([10, 600, 250])
    mean = 0.041078243404626846
    variance = 1.5261121988296509
    median = 0.0
    min = -27.582275390625
    max = 28.714599609375
    stddev = 1.2353590726852417
    RMS = 1.23604154586792
    L2 = 1513.803955078125
